0.1 5.0 2757 7
0.1 6.25 2751 13
0.1 7.5 2750 14
0.1 8.75 2750 14
0.1 10.0 2747 17
0.11286739420455581 5.0 2757 7
0.11286739420455581 6.25 2751 13
0.11286739420455581 7.5 2751 13
0.11286739420455581 8.75 2751 13
0.11286739420455581 10.0 2751 13
0.12573478840911162 5.0 2759 5
0.12573478840911162 6.25 2757 7
0.12573478840911162 7.5 2757 7
0.12573478840911162 8.75 2755 9
0.12573478840911162 10.0 2755 9
0.13860218261366744 5.0 2760 4
0.13860218261366744 6.25 2760 4
0.13860218261366744 7.5 2760 4
0.13860218261366744 8.75 2759 5
0.13860218261366744 10.0 2759 5
0.15146957681822326 5.0 2761 3
0.15146957681822326 6.25 2760 4
0.15146957681822326 7.5 2760 4
0.15146957681822326 8.75 2760 4
0.15146957681822326 10.0 2759 5
0.16433697102277905 5.0 2763 1
0.16433697102277905 6.25 2763 1
0.16433697102277905 7.5 2762 2
0.16433697102277905 8.75 2761 3
0.16433697102277905 10.0 2761 3
0.17720436522733488 5.0 2763 1
0.17720436522733488 6.25 2763 1
0.17720436522733488 7.5 2763 1
0.17720436522733488 8.75 2763 1
0.17720436522733488 10.0 2762 2
0.1900717594318907 5.0 2763 1
0.1900717594318907 6.25 2763 1
0.1900717594318907 7.5 2763 1
0.1900717594318907 8.75 2763 1
0.1900717594318907 10.0 2763 1
0.2029391536364465 5.0 2763 1
0.2029391536364465 6.25 2763 1
0.2029391536364465 7.5 2763 1
0.2029391536364465 8.75 2763 1
0.2029391536364465 10.0 2763 1
0.21580654784100228 5.0 2763 1
0.21580654784100228 6.25 2763 1
0.21580654784100228 7.5 2763 1
0.21580654784100228 8.75 2763 1
0.21580654784100228 10.0 2763 1
0.2286739420455581 5.0 2763 1
0.2286739420455581 6.25 2763 1
0.2286739420455581 7.5 2763 1
0.2286739420455581 8.75 2763 1
0.2286739420455581 10.0 2763 1
0.24154133625011392 5.0 2763 1
0.24154133625011392 6.25 2763 1
0.24154133625011392 7.5 2763 1
0.24154133625011392 8.75 2763 1
0.24154133625011392 10.0 2763 1
0.2544087304546697 5.0 2763 1
0.2544087304546697 6.25 2763 1
0.2544087304546697 7.5 2763 1
0.2544087304546697 8.75 2763 1
0.2544087304546697 10.0 2763 1
0.26727612465922557 5.0 2763 1
0.26727612465922557 6.25 2763 1
0.26727612465922557 7.5 2763 1
0.26727612465922557 8.75 2763 1
0.26727612465922557 10.0 2763 1
0.28014351886378136 5.0 2763 1
0.28014351886378136 6.25 2763 1
0.28014351886378136 7.5 2763 1
0.28014351886378136 8.75 2763 1
0.28014351886378136 10.0 2763 1
0.29301091306833715 5.0 2763 1
0.29301091306833715 6.25 2763 1
0.29301091306833715 7.5 2763 1
0.29301091306833715 8.75 2763 1
0.29301091306833715 10.0 2763 1
